[array([0.063271, 0.397595]), array([0.781541, 0.948752]), array([0.442633, 0.362694, 0.536069]), array([0.413055, 0.408176, 0.347266, 0.431309]), array([0.378897, 0.842367, 0.958538, 0.999568]), array([0.248237, 0.314846, 0.411998, 0.758207, 0.      ]), array([0.026971, 0.427861, 0.300063, 0.167708, 0.357189, 0.730492]), array([0.138513, 0.      , 0.      , 0.      , 1.      , 0.      ,
       0.      , 0.      ])]
[array([0.790733, 0.661593]), array([0.780352, 0.948276]), array([0.42674 , 0.378188, 0.522189]), array([0.416785, 0.408733, 0.354862, 0.427478]), array([0.416785, 0.408733, 0.354862, 0.427478]), array([0.285591, 0.32769 , 0.429042, 0.754276, 0.027606]), array([0.030506, 0.450676, 0.280759, 0.176077, 0.371252, 0.733394]), array([0.114756, 0.173747, 0.1     , 0.1     , 0.895425, 0.307667,
       0.1     , 0.537897])]
[array([0.810402, 0.764292]), array([0.693802, 0.923811]), array([0.418911, 0.03399 , 0.443245]), array([0.371886, 0.430252, 0.448193, 0.446774]), array([0.825064, 0.98    , 0.98    , 0.98    ]), array([0.184492, 0.695578, 0.02    , 0.98    , 0.02    ]), array([0.070149, 0.245973, 0.464451, 0.193827, 0.366302, 0.769557]), array([0.1     , 0.493288, 0.1     , 0.1     , 0.606113, 0.605892,
       0.127739, 0.9     ])]
[array([0.306532, 0.191273]), array([0.700344, 0.933607]), array([0.631034, 0.432945, 0.571565]), array([0.424115, 0.451873, 0.343436, 0.430352]), array([0.98, 0.98, 0.98, 0.98]), array([0.230252, 0.02    , 0.556392, 0.971201, 0.02    ]), array([0.02    , 0.148083, 0.493232, 0.11492 , 0.408049, 0.843751]), array([0.1     , 0.1     , 0.1     , 0.9     , 0.9     , 0.9     ,
       0.104891, 0.1     ])]
[array([0.341514, 0.75999 ]), array([0.78754, 0.98   ]), array([0.384322, 0.38994 , 0.467379]), array([0.43115 , 0.411799, 0.371084, 0.414871]), array([0.293633, 0.840346, 0.973393, 0.914579]), array([0.216747, 0.222433, 0.404206, 0.880582, 0.02    ]), array([0.026382, 0.463272, 0.274251, 0.070086, 0.305867, 0.844177]), array([0.101309, 0.152052, 0.061516, 0.127773, 0.916922, 0.299651,
       0.039272, 0.552163])]
[array([0.5, 0.5]), array([0.74 , 0.974]), array([0.386775, 0.365388, 0.462079]), array([0.430925, 0.420569, 0.36362 , 0.41451 ]), array([0.999999, 0.999999, 0.999999, 0.999999]), array([0.218, 0.285, 0.442, 0.788, 0.03 ]), array([0.03    , 0.286   , 0.427159, 0.206396, 0.380818, 0.754197]), array([0.115578, 0.190816, 0.1154  , 0.112172, 0.875862, 0.323507,
       0.116467, 0.544547])]
[array([0.55, 0.5 ]), array([0.686156, 0.964   ]), array([0.42, 0.38, 0.5 ]), array([0.427   , 0.399   , 0.365   , 0.424923]), array([0.995, 0.998, 0.997, 0.999]), array([0.188   , 0.255   , 0.472   , 0.775524, 0.06    ]), array([0.12    , 0.196   , 0.514   , 0.144   , 0.347195, 0.729418]), array([0.131909, 0.211   , 0.112499, 0.132   , 0.856   , 0.344   ,
       0.136   , 0.565   ])]
[array([0.25, 0.25]), array([0.725016, 0.118317]), array([0.409901, 0.405   , 0.48089 ]), array([0.408, 0.399, 0.342, 0.418]), array([0.05, 0.05, 0.05, 0.05]), array([0.248   , 0.28106 , 0.412   , 0.790839, 0.06    ]), array([0.158367, 0.156   , 0.474001, 0.184   , 0.307   , 0.755624]), array([0.1119  , 0.231   , 0.102269, 0.152   , 0.836   , 0.364   ,
       0.156   , 0.563486])]